F1 	 F2 	 numVert1 	 numEdgeIn1 	 numEdgeOut1 	 min,max,ave_silhouette1 	numVert2 	 numEdgeIn2 	 numEdgeOut2 	 min,max,ave_silhouette2 	 numEdgeBetween 	 ave_s1+s2 	 joined_silhouette 	 difference
MZ22528378	MZ22500047	2	1	44	-0.2423	0.0158	-0.1132	17	136	228	-0.0179	0.0522	0.0112	34	-0.0019	-0.0142	-0.0123	
MZ22506124	MZ22502935	3	1	14	-1.0000	0.9256	-0.0779	16	47	21	-0.8819	1.0000	0.6583	2	0.5421	0.6188	0.0767	
MZ22530913	MZ22524141	2	0	0	0.0000	0.0000	0.0000	16	120	14	0.2649	1.0000	0.9540	0	0.8481	0.8426	-0.0054	
MZ22506632	MZ22502318	3	3	44	0.5122	0.6224	0.5550	16	67	79	-0.7903	1.0000	-0.1062	35	-0.0019	0.1526	0.1544	
MZ22525200	MZ22515996	4	3	48	-1.0000	0.7077	0.1741	16	65	0	0.0000	1.0000	0.8750	0	0.7348	0.5587	-0.1761	
MZ22527955	MZ22502417	2	1	19	0.3440	0.9311	0.6375	15	105	15	0.9671	0.9783	0.9767	0	0.9369	0.8003	-0.1366	
MZ22529209	MZ22524733	2	1	38	0.0757	0.1424	0.1090	15	101	0	1.0000	1.0000	1.0000	0	0.8952	0.7730	-0.1222	
MZ22521951	MZ22520299	4	6	16	0.7344	0.7771	0.7506	14	20	16	-0.7957	1.0000	0.3625	16	0.4488	0.8889	0.4401	
MZ22530125	MZ22523278	2	1	24	-0.1517	0.4343	0.1413	15	73	24	-0.4580	1.0000	0.0258	24	0.0394	1.0000	0.9606	
MZ22529513	MZ22519442	2	0	0	0.0000	0.0000	0.0000	21	52	0	0.0000	1.0000	0.8095	0	0.7391	0.7391	0.0000	
MZ22528586	MZ22506269	2	1	0	1.0000	1.0000	1.0000	14	30	0	0.0000	1.0000	0.6428	0	0.6875	0.6875	-0.0000	
MZ22526841	MZ22526881	3	3	9	0.0256	0.0946	0.0707	13	60	0	1.0000	1.0000	1.0000	0	0.8258	0.6519	-0.1738	
MZ22530524	MZ22518136	2	1	1	0.7799	1.0000	0.8899	15	52	0	1.0000	1.0000	1.0000	0	0.9871	0.8991	-0.0880	
MZ22530036	MZ22503567	2	0	0	0.0000	0.0000	0.0000	15	33	0	1.0000	1.0000	1.0000	0	0.8824	0.8824	0.0000	
MZ22531113	MZ22517197	2	0	0	0.0000	0.0000	0.0000	14	67	39	0.8535	1.0000	0.9022	0	0.7895	0.7763	-0.0132	
MZ22529550	MZ22500923	2	1	38	0.1198	0.1458	0.1328	29	59	176	-1.0000	1.0000	-0.3203	0	-0.2911	-0.3794	-0.0883	
MZ22514725	MZ22502949	3	3	81	0.1908	0.1909	0.1909	16	119	244	-0.2132	0.0661	-0.0838	48	-0.0405	0.4883	0.5288	
MZ22523747	MZ22513314	3	3	6	0.8617	0.8799	0.8678	14	10	6	-0.9293	1.0000	0.5144	6	0.5768	0.8235	0.2468	
MZ22530626	MZ22512571	2	0	0	0.0000	0.0000	0.0000	16	120	16	0.9506	0.9714	0.9617	0	0.8549	0.8504	-0.0045	
MZ22513427	MZ22511280	2	0	0	0.0000	0.0000	0.0000	17	40	0	0.0000	1.0000	0.7647	0	0.6842	0.6842	-0.0000	
MZ22529090	MZ22510443	2	0	0	0.0000	0.0000	0.0000	15	29	13	-0.6197	1.0000	0.5925	0	0.5229	0.4944	-0.0284	
MZ22528939	MZ22524733	2	1	0	1.0000	1.0000	1.0000	15	101	0	1.0000	1.0000	1.0000	0	1.0000	1.0000	0.0000	
MZ22528597	MZ22513334	2	1	38	0.0611	0.0673	0.0642	17	99	0	0.0000	1.0000	0.9411	0	0.8489	0.7431	-0.1058	
MZ22528119	MZ22500047	2	1	55	0.0240	0.0555	0.0397	17	136	228	-0.0179	0.0522	0.0112	34	0.0143	0.2870	0.2727	
MZ22528797	MZ22519827	2	1	53	-0.0010	0.0088	0.0039	15	105	175	-0.0403	0.0060	-0.0151	30	-0.0129	0.7321	0.7450	
MZ22528765	MZ22520257	2	1	26	0.1176	0.1178	0.1177	14	80	26	-0.1274	1.0000	-0.0308	26	-0.0123	1.0000	1.0123	
MZ22528983	MZ22509788	2	1	0	1.0000	1.0000	1.0000	35	37	58	-0.9778	1.0000	0.4890	0	0.5166	0.5165	-0.0002	
MZ22518279	MZ22526701	3	3	42	0.1136	0.1412	0.1290	14	54	30	-1.0000	1.0000	0.7748	0	0.6609	0.4713	-0.1896	
MZ22528626	MZ22503849	2	0	0	0.0000	0.0000	0.0000	14	37	89	-0.5258	1.0000	0.0840	0	0.0736	0.0234	-0.0501	
MZ22503562	MZ22507874	3	3	83	-0.3000	0.0602	-0.1261	15	105	30	0.4543	0.4815	0.4654	30	0.3669	0.8185	0.4517	
MZ22528973	MZ22523515	2	0	0	0.0000	0.0000	0.0000	15	29	0	0.0000	1.0000	0.8666	0	0.7647	0.7647	-0.0000	
MZ22528169	MZ22512960	2	0	1	-1.0000	0.0000	-0.5000	14	32	16	-1.0000	1.0000	0.6428	0	0.5000	0.5000	-0.0000	
MZ22520218	MZ22501769	3	3	45	-0.0676	0.0314	-0.0258	15	105	45	0.0273	0.0815	0.0492	45	0.0367	1.0000	0.9633	
MZ22530435	MZ22514296	2	1	0	1.0000	1.0000	1.0000	14	55	0	0.0000	1.0000	0.8571	0	0.8750	0.8750	0.0000	
MZ22503562	MZ22502439	3	3	83	-0.3000	0.0602	-0.1261	16	120	101	-0.0760	0.1825	0.0829	44	0.0499	0.0907	0.0408	
MZ22523465	MZ22521375	3	0	0	0.0000	0.0000	0.0000	13	67	2	0.2132	1.0000	0.9394	0	0.7633	0.7510	-0.0123	
MZ22528405	MZ22515097	2	1	23	-0.3956	0.1019	-0.1468	15	68	50	-0.3683	1.0000	0.1680	19	0.1310	0.1445	0.0135	
MZ22530621	MZ22525617	2	1	36	0.0829	0.1448	0.1139	15	43	0	1.0000	1.0000	1.0000	0	0.8958	0.7730	-0.1227	
MZ22527715	MZ22524202	4	0	1	-1.0000	0.0000	-0.2500	12	66	13	0.8986	0.9770	0.9697	1	0.6648	0.7883	0.1234	
MZ22528012	MZ22510440	2	1	64	0.0817	0.1147	0.0982	14	84	254	-0.4315	-0.0263	-0.1087	28	-0.0829	0.2262	0.3091	
MZ22526808	MZ22526813	3	3	27	0.3764	0.3768	0.3766	14	43	27	-0.4047	1.0000	0.1109	27	0.1578	1.0000	0.8422	
MZ22530775	MZ22510771	2	0	0	0.0000	0.0000	0.0000	14	88	9	0.5630	1.0000	0.8071	0	0.7062	0.6803	-0.0260	
MZ22521610	MZ22508066	3	3	47	0.1264	0.2229	0.1857	16	92	67	-0.1788	1.0000	-0.0418	41	-0.0059	0.8858	0.8917	
MZ22515311	MZ22506271	4	1	0	0.0000	1.0000	0.5000	13	20	1	-1.0000	1.0000	0.7692	0	0.7059	0.7059	0.0000	
MZ22528606	MZ22524282	2	0	0	0.0000	0.0000	0.0000	15	45	0	0.0000	1.0000	0.8666	0	0.7647	0.7647	-0.0000	
MZ22527985	MZ22504918	2	1	65	0.0533	0.0958	0.0745	14	91	403	0.0289	0.1047	0.0868	28	0.0853	0.0944	0.0091	
MZ22523024	MZ22514750	4	1	0	0.0000	1.0000	0.5000	14	42	3	0.9106	1.0000	0.9833	0	0.8760	0.8720	-0.0040	
MZ22530469	MZ22514802	2	0	13	-1.0000	0.0000	-0.5000	14	89	13	0.4700	1.0000	0.5690	13	0.4354	0.9375	0.5021	
MZ22528701	MZ22509677	2	1	60	0.1280	0.1547	0.1413	14	89	108	-0.0009	0.6995	0.4123	0	0.3785	0.1687	-0.2098	
MZ22528979	MZ22514124	2	1	0	1.0000	1.0000	1.0000	15	21	0	0.0000	1.0000	0.8666	0	0.8824	0.8824	-0.0000	
MZ22529889	MZ22503048	2	1	6	0.8563	0.8644	0.8603	19	52	6	-0.9036	1.0000	0.6175	6	0.6407	0.9048	0.2641	
MZ22528963	MZ22521696	2	1	36	0.0681	0.1915	0.1298	14	32	0	1.0000	1.0000	1.0000	0	0.8912	0.7596	-0.1316	
MZ22506809	MZ22509191	3	2	54	-0.3586	-0.0675	-0.1936	16	112	40	-0.4936	0.5708	0.3005	39	0.2225	0.9320	0.7094	
MZ22528442	MZ22507303	2	1	0	1.0000	1.0000	1.0000	14	89	92	-0.3335	0.2948	0.0459	0	0.1652	0.0597	-0.1056	
MZ22528909	MZ22516877	2	1	32	-0.0027	0.0283	0.0128	16	120	32	-0.0443	0.0062	-0.0125	32	-0.0098	1.0000	1.0098	
MZ22528993	MZ22513478	2	0	10	-1.0000	0.0000	-0.5000	15	38	0	1.0000	1.0000	1.0000	0	0.8235	0.8235	0.0000	
MZ22530733	MZ22505306	2	1	0	1.0000	1.0000	1.0000	14	78	19	0.0000	1.0000	0.8320	0	0.8530	0.8400	-0.0130	
MZ22522919	MZ22506943	4	6	54	-0.1512	0.0868	-0.0064	13	78	181	-0.1337	0.1070	0.0187	52	0.0128	0.4943	0.4814	
MZ22530326	MZ22521243	2	0	0	0.0000	0.0000	0.0000	14	31	3	0.0000	1.0000	0.8483	0	0.7423	0.7315	-0.0108	
MZ22528532	MZ22523837	2	1	26	0.2636	0.2829	0.2732	16	92	26	-0.3066	1.0000	0.0286	26	0.0558	1.0000	0.9442	
MZ22527779	MZ22526291	4	2	9	-0.6244	1.0000	0.5544	12	39	9	0.0000	1.0000	0.6061	9	0.5932	0.9375	0.3443	
MZ22528880	MZ22502673	2	1	0	1.0000	1.0000	1.0000	14	83	35	0.8477	1.0000	0.8821	0	0.8969	0.8810	-0.0159	
MZ22530060	MZ22519951	2	1	45	0.0135	0.2571	0.1353	16	120	191	-0.1486	0.6089	0.0858	29	0.0914	0.6162	0.5249	
MZ22530161	MZ22515305	3	3	13	0.4181	0.9109	0.7389	14	23	5	0.0000	1.0000	0.6405	0	0.6579	0.4903	-0.1677	
MZ22518612	MZ22503849	3	3	45	0.6745	0.6746	0.6746	14	37	89	-0.5258	1.0000	0.0840	24	0.1883	0.2955	0.1072	
MZ22530094	MZ22523230	2	0	0	0.0000	0.0000	0.0000	16	109	11	0.4390	1.0000	0.8826	0	0.7846	0.7707	-0.0139	
MZ22530641	MZ22515923	2	0	0	0.0000	0.0000	0.0000	15	93	0	1.0000	1.0000	1.0000	0	0.8824	0.8824	0.0000	
MZ22527961	MZ22525525	2	1	64	0.0941	0.1205	0.1073	15	26	0	0.0000	1.0000	0.8000	0	0.7185	0.5965	-0.1220	
MZ22522486	MZ22516705	4	6	176	-0.1036	0.0320	-0.0229	12	66	238	0.1239	0.2559	0.1748	48	0.1254	0.3125	0.1871	
MZ22517038	MZ22509079	3	1	16	-1.0000	1.0000	0.3176	15	102	37	0.6003	0.7690	0.6944	15	0.6316	0.9302	0.2985	
MZ22526117	MZ22519193	3	1	47	-1.0000	0.7021	-0.1988	13	35	138	-0.7765	0.6799	0.0202	13	-0.0208	0.0813	0.1022	
MZ22526887	MZ22512079	2	1	1	0.9521	1.0000	0.9760	15	19	0	0.0000	1.0000	0.8000	0	0.8207	0.7785	-0.0422	
MZ22526867	MZ22500187	4	0	1	-1.0000	0.0000	-0.2500	18	23	122	-1.0000	1.0000	-0.2905	0	-0.2832	-0.3106	-0.0274	
MZ22524393	MZ22513599	3	3	33	0.0277	0.5042	0.2166	14	72	36	-0.2602	0.4723	0.0909	33	0.1132	0.8759	0.7627	
MZ22527539	MZ22524913	2	0	0	0.0000	0.0000	0.0000	14	16	0	0.0000	1.0000	0.8571	0	0.7500	0.7500	0.0000	
MZ22528218	MZ22509788	2	1	0	1.0000	1.0000	1.0000	35	37	58	-0.9778	1.0000	0.4890	0	0.5166	0.5165	-0.0002	
MZ22528813	MZ22524150	2	0	0	0.0000	0.0000	0.0000	15	101	0	1.0000	1.0000	1.0000	0	0.8824	0.8824	0.0000	
MZ22528743	MZ22509609	2	1	0	1.0000	1.0000	1.0000	16	64	6	0.5799	1.0000	0.9737	0	0.9767	0.9736	-0.0031	
MZ22528472	MZ22519883	3	1	0	0.0000	1.0000	0.6666	14	35	15	-0.7482	1.0000	0.1595	0	0.2491	0.1664	-0.0827	
MZ22528875	MZ22513314	2	1	13	0.7196	1.0000	0.8598	14	10	6	-0.9293	1.0000	0.5144	0	0.5576	0.4633	-0.0943	
MZ22530558	MZ22506226	2	1	0	1.0000	1.0000	1.0000	14	44	3	0.5200	1.0000	0.9401	0	0.9476	0.9396	-0.0081	
MZ22528769	MZ22508297	3	3	20	0.4728	0.8517	0.6116	14	39	25	-0.6373	1.0000	0.2176	20	0.2872	0.9201	0.6329	
MZ22525742	MZ22519193	4	0	17	-1.0000	-1.0000	-1.0000	13	35	138	-0.7765	0.6799	0.0202	11	-0.2198	0.1464	0.3662	
MZ22508040	MZ22503867	3	1	30	-0.5149	0.0000	-0.3390	15	8	0	0.0000	1.0000	0.3333	0	0.2213	0.1731	-0.0482	
MZ22528743	MZ22522532	2	1	0	1.0000	1.0000	1.0000	15	105	16	0.6379	0.7916	0.7686	0	0.7958	0.7667	-0.0292	
MZ22528939	MZ22506238	2	1	0	1.0000	1.0000	1.0000	15	99	28	-0.2261	1.0000	0.2037	0	0.2974	0.2062	-0.0911	
MZ22530567	MZ22505306	2	0	0	0.0000	0.0000	0.0000	14	78	19	0.0000	1.0000	0.8320	0	0.7280	0.7150	-0.0130	
MZ22510658	MZ22509401	3	2	28	-0.7296	0.8688	0.1418	15	98	27	0.3119	0.6836	0.4369	27	0.3878	0.9387	0.5509	
MZ22531194	MZ22517741	2	0	0	0.0000	0.0000	0.0000	14	89	28	0.7704	0.9084	0.8716	0	0.7627	0.7454	-0.0173	
MZ22529810	MZ22514452	3	0	0	0.0000	0.0000	0.0000	15	24	0	0.0000	1.0000	0.8000	0	0.6667	0.6667	0.0000	
MZ22500754	MZ22500106	4	6	211	0.0323	0.0717	0.0578	12	66	502	-0.0424	0.0538	0.0209	48	0.0302	0.1022	0.0720	
MZ22528316	MZ22520576	2	0	0	0.0000	0.0000	0.0000	14	68	38	0.6732	1.0000	0.8492	0	0.7431	0.7228	-0.0203	
MZ22527979	MZ22510562	2	1	17	0.6393	0.9061	0.7727	15	61	0	0.0000	1.0000	0.9333	0	0.9144	0.7552	-0.1592	
MZ22515259	MZ22523467	3	1	53	-1.0000	-0.0444	-0.3629	14	91	56	0.9070	0.9141	0.9119	0	0.6870	0.5719	-0.1151	
MZ22523409	MZ22502636	2	0	1	-1.0000	0.0000	-0.5000	21	68	65	-0.4658	1.0000	-0.0776	1	-0.1143	-0.0745	0.0398	
MZ22528949	MZ22524582	2	0	11	-1.0000	0.0000	-0.5000	15	19	0	0.0000	1.0000	0.8666	0	0.7059	0.7059	-0.0000	
MZ22528963	MZ22525996	2	1	36	0.0681	0.1915	0.1298	14	40	0	0.0000	1.0000	0.9285	0	0.8287	0.6971	-0.1316	
MZ22528651	MZ22504918	4	2	0	0.0000	1.0000	0.7500	14	91	403	0.0289	0.1047	0.0868	0	0.2342	0.0405	-0.1938	
MZ22518487	MZ22509506	3	3	60	0.4627	0.4629	0.4628	13	55	135	-0.4682	1.0000	-0.1788	30	-0.0586	-0.0080	0.0506	
MZ22531015	MZ22525780	2	1	28	0.0510	0.0574	0.0542	14	91	28	-0.0611	0.1043	-0.0162	28	-0.0074	1.0000	1.0074	
MZ22512069	MZ22507380	3	1	19	-1.0000	0.9424	0.2747	17	136	17	0.6131	0.7189	0.6366	17	0.5823	0.9172	0.3349	
MZ22528198	MZ22512960	2	0	0	0.0000	0.0000	0.0000	14	32	16	-1.0000	1.0000	0.6428	0	0.5625	0.5625	-0.0000	
MZ22527961	MZ22516164	2	1	64	0.0941	0.1205	0.1073	16	8	4	0.0000	1.0000	0.4447	0	0.4072	0.2850	-0.1223	
MZ22517798	MZ22522989	4	6	156	0.1302	0.1562	0.1458	13	78	234	0.1972	0.2354	0.2062	52	0.1921	0.5061	0.3140	
MZ22519119	MZ22518135	3	1	52	-1.0000	-0.1310	-0.4224	13	29	84	-0.4922	1.0000	0.3089	7	0.1718	0.0899	-0.0819	
MZ22511815	MZ22511180	2	1	89	-0.1197	-0.0239	-0.0718	16	120	587	-0.0760	0.0841	0.0149	32	0.0053	0.3399	0.3346	
MZ22531075	MZ22502785	2	0	21	-1.0000	0.0000	-0.5000	15	73	367	-0.6659	1.0000	-0.0411	0	-0.0951	-0.1793	-0.0842	
MZ22530775	MZ22520491	2	0	0	0.0000	0.0000	0.0000	15	79	41	-0.1387	0.8987	0.7406	0	0.6535	0.6241	-0.0295	
MZ22522161	MZ22502612	3	0	0	0.0000	0.0000	0.0000	18	12	0	0.0000	1.0000	0.5000	0	0.4286	0.4286	0.0000	
MZ22506348	MZ22507135	3	3	51	0.0218	0.0246	0.0228	14	91	60	-0.0121	0.0207	-0.0006	42	0.0035	0.9185	0.9150	
MZ22530426	MZ22523278	2	0	17	-1.0000	0.0000	-0.5000	15	73	24	-0.4580	1.0000	0.0258	0	-0.0360	-0.1257	-0.0896	
MZ22528924	MZ22500579	2	0	0	0.0000	0.0000	0.0000	17	108	131	-0.3962	0.4060	0.1209	0	0.1083	0.0197	-0.0885	
MZ22529135	MZ22515350	2	1	33	0.0092	0.0389	0.0240	16	120	82	-0.0554	0.0645	-0.0175	32	-0.0129	0.8618	0.8747	
MZ22528569	MZ22516011	2	1	0	1.0000	1.0000	1.0000	15	44	0	0.0000	1.0000	0.8000	0	0.8235	0.8235	0.0000	
MZ22520185	MZ22521381	3	1	32	-1.0000	1.0000	0.3333	14	91	40	0.1617	0.8255	0.5820	14	0.5382	0.5322	-0.0060	
MZ22528749	MZ22521853	2	1	1	0.5886	1.0000	0.7943	15	72	0	1.0000	1.0000	1.0000	0	0.9758	0.8913	-0.0845	
MZ22501194	MZ22503731	3	3	70	-0.3337	0.9247	0.0929	15	57	16	-0.3004	1.0000	0.6342	16	0.5440	0.8090	0.2650	
MZ22520997	MZ22515611	3	1	2	0.0000	0.6387	0.3268	13	78	0	1.0000	1.0000	1.0000	0	0.8738	0.7232	-0.1506	
MZ22522073	MZ22515097	3	1	32	-1.0000	-0.2726	-0.5327	15	68	50	-0.3683	1.0000	0.1680	26	0.0513	0.3695	0.3182	
MZ22518279	MZ22511606	3	3	42	0.1136	0.1412	0.1290	14	90	42	-0.1700	0.1626	-0.0734	42	-0.0377	1.0000	1.0377	
MZ22521767	MZ22521498	4	2	16	-0.4055	1.0000	0.2973	12	34	16	0.0519	1.0000	0.4642	16	0.4225	1.0000	0.5775	
MZ22516940	MZ22516071	3	1	0	0.0000	1.0000	0.6666	13	13	3	-1.0000	1.0000	0.5776	0	0.5944	0.5753	-0.0191	
MZ22518275	MZ22521994	4	6	92	0.0962	0.2575	0.1820	14	55	44	-1.0000	1.0000	0.0632	40	0.0896	0.4807	0.3911	
MZ22529418	MZ22521351	2	1	0	1.0000	1.0000	1.0000	15	57	0	0.0000	1.0000	0.9333	0	0.9412	0.9412	0.0000	
MZ22509118	MZ22500963	4	6	116	0.2329	0.2666	0.2561	14	71	258	-0.3398	0.0000	-0.1938	48	-0.0939	-0.0035	0.0904	
MZ22518275	MZ22524179	4	6	92	0.0962	0.2575	0.1820	13	78	52	0.1625	0.3066	0.2152	52	0.2074	0.8574	0.6500	
MZ22508040	MZ22507529	3	1	30	-0.5149	0.0000	-0.3390	15	105	30	0.3398	0.3598	0.3453	30	0.2312	0.9444	0.7132	
